tree
version=v4
num_class=1
num_tree_per_iteration=1
label_index=0
max_feature_idx=10
objective=binary sigmoid:1
feature_names=Age Sex ChestPainType RestingBP Cholesterol FastingBS RestingECG MaxHR ExerciseAngina Oldpeak ST_Slope
feature_infos=[29:77] [0:1] [0:3] [92:200] [85:603] [0:1] [0:2] [69:202] [0:1] [-0.10000000000000001:5.5999999999999996] [0:2]
tree_sizes=1799 2106 2021 2111 2002 2216 1894 2123 2101 2003 2008 2113 1907 1911 1903 2127

Tree=0
num_leaves=16
num_cat=0
split_feature=10 9 7 8 1 0 4 7 2 9 4 6 4 7 4
split_gain=156.396 44.9532 29.542 12.8305 10.2115 3.15545 3.05091 2.68827 2.20576 1.04168 1.01937 0.510929 0.401996 0.282223 0.0636646
threshold=1.0000000180025095e-35 2.4500000000000006 150.50000000000003 1.0000000180025095e-35 1.0000000180025095e-35 56.500000000000007 264.50000000000006 130.50000000000003 1.0000000180025095e-35 0.65000000000000002 213.50000000000003 1.0000000180025095e-35 238.50000000000003 114.50000000000001 241.50000000000003
decision_type=2 2 2 2 2 2 2 2 2 2 2 2 2 2 2
left_child=2 3 4 5 -1 9 -4 10 -9 11 -6 14 -7 -12 -2
right_child=1 -3 6 -5 7 12 -8 8 -10 -11 13 -13 -14 -15 -16
leaf_value=-0.11788191423873826 -0.23459052733268468 -0.053692177037067718 -0.18215622289917255 -0.15030097343150117 -0.061316245440331318 -0.20444080228341521 -0.12930577319237851 -0.05512787822989007 -0.097546322563277915 -0.20444080228341521 -0.0461547457747504 -0.21912912987152086 -0.18434098558390219 -0.033592360337554722 -0.22943672817896341
leaf_weight=7.7115133404731742 15.671785175800325 4.9751698970794669 5.7214453816413862 7.7115133404731742 7.2139963507652309 4.975169897079466 5.2239283919334412 6.9652378559112531 5.4726868867874146 4.9751698970794669 7.9602718353271511 9.7015812993049604 4.9751698970794678 10.199098289012907 9.7015812993049604
leaf_count=31 63 20 23 31 29 20 21 28 22 20 32 39 20 41 39
internal_value=-0.141174 -0.1979 -0.0831778 -0.210332 -0.0654445 -0.219591 -0.156932 -0.0547501 -0.073792 -0.225851 -0.0454158 -0.228888 -0.194391 -0.0390992 -0.23262
internal_weight=0 62.6871 56.4682 57.712 45.5228 50.0005 10.9454 37.8113 12.4379 40.0501 25.3734 35.0749 9.95034 18.1594 25.3734
internal_count=479 252 227 232 183 201 44 152 50 161 102 141 40 73 102
is_linear=0
shrinkage=1


Tree=1
num_leaves=19
num_cat=0
split_feature=10 9 7 2 8 1 7 3 7 4 4 0 4 1 9 0 7 4
split_gain=141.367 40.742 26.4977 11.941 11.5937 9.13721 5.46648 3.87223 4.06664 2.76373 1.25483 0.978667 1.10742 1.37166 0.971341 0.116786 0.0013312 0.000366046
threshold=1.0000000180025095e-35 2.4500000000000006 150.50000000000003 1.0000000180025095e-35 1.0000000180025095e-35 1.0000000180025095e-35 152.50000000000003 125.50000000000001 125.50000000000001 264.50000000000006 235.50000000000003 46.500000000000007 228.50000000000003 1.0000000180025095e-35 1.0500000000000003 52.500000000000007 126.50000000000001 232.50000000000003
decision_type=2 2 2 2 2 2 2 2 2 2 2 2 2 2 2 2 2 2
left_child=2 3 5 4 6 -1 -2 8 -7 -4 14 17 15 -14 -9 -13 -12 -5
right_child=1 -3 9 11 -6 7 -8 10 -10 -11 16 12 13 -15 -16 -17 -18 -19
leaf_value=0.022092888326687397 -0.090203635384031366 0.082743568346920079 -0.039065651464179021 -0.089689313226046549 0.031487619738263917 0.085011008285564682 -0.01965489134994378 0.063448367319295734 0.023326976534797594 0.011265156856809644 0.10204428284833887 -0.080101246508113844 -0.082381848157743298 -0.050135354780960012 0.091237481595033559 -0.090414001294182159 0.10306740472543614 -0.09015982650320406
leaf_weight=7.7231384217739096 6.1758276075124758 4.9963980913162223 5.7025649100542051 8.387519985437395 5.2204615026712409 5.746625602245329 4.9438715130090714 4.9937601238489178 4.9939732998609543 5.2281159460544586 8.7464055418968183 4.9399472475051898 5.9373775720596313 7.4178189635276777 8.4919973909854871 6.1791506558656693 4.9948995262384406 8.1503900140523893
leaf_count=31 25 20 23 34 21 23 20 20 20 21 35 20 24 30 34 25 20 33
internal_value=0 -0.0541946 0.0549391 -0.0661243 -0.0299797 0.071669 -0.0588373 0.0817534 0.0563303 -0.0149926 0.0917824 -0.0805251 -0.074176 -0.0644713 0.0809472 -0.0858323 0.102416 -0.0899212
internal_weight=0 62.3488 56.6215 57.3524 16.3402 45.6908 11.1197 37.9677 10.7406 10.9307 27.2271 41.0122 24.4743 13.3552 13.4858 11.1191 13.7413 16.5379
internal_count=479 252 227 232 66 183 45 152 43 44 109 166 99 54 54 45 55 67
is_linear=0
shrinkage=0.05


Tree=2
num_leaves=18
num_cat=0
split_feature=10 9 2 1 2 8 3 1 3 3 0 4 1 0 4 4 4
split_gain=128.143 37.0332 20.9942 14.1353 11.0168 10.5437 9.72055 2.47814 1.80811 1.62646 0.920371 1.03334 1.27008 0.476718 0.813284 0.119226 0.000279567
threshold=1.0000000180025095e-35 2.4500000000000006 1.0000000180025095e-35 1.0000000180025095e-35 1.0000000180025095e-35 1.0000000180025095e-35 130.50000000000003 1.0000000180025095e-35 124.50000000000001 130.50000000000003 46.500000000000007 228.50000000000003 1.0000000180025095e-35 59.500000000000007 241.50000000000003 195.50000000000003 232.50000000000003
decision_type=2 2 2 2 2 2 2 2 2 2 2 2 2 2 2 2 2
left_child=2 4 7 -4 5 9 -5 -1 -9 -2 16 15 -13 14 -10 -12 -6
right_child=1 -3 3 6 10 -7 -8 8 13 -11 11 12 -14 -15 -16 -17 -18
leaf_value=0.046257079078879146 -0.039164896801261652 0.078564102551873405 -0.063189127868458803 -0.0098985612103003363 -0.086284665561214197 0.029848305177471463 0.073785963591656609 0.060469104403274243 0.068943409908730727 -0.077793448844433163 -0.076643600820016797 -0.079071190664702112 -0.047914649060164717 0.098115243454617668 0.092305789475571234 -0.087121093302871863 -0.086698348156168697
leaf_weight=6.7287286520004264 6.1319222897291201 4.9989452958106986 4.9701339155435571 6.4667815566062927 8.2850786000490206 5.2315155565738669 7.4883530586957932 8.7410083562135714 6.4922016412019756 4.9045815169811249 4.8856851905584353 5.8781329542398453 7.3746237605810148 6.9962881058454505 8.7403481751680356 6.1116151362657547 8.0543699860572797
leaf_count=27 25 20 20 26 34 21 30 35 26 20 20 24 30 28 35 25 33
internal_value=0 -0.0519111 0.0521882 0.00921863 -0.0633826 -0.0286174 0.0350067 0.0737597 0.0797351 -0.0563313 -0.0773162 -0.0711359 -0.0617338 0.087311 0.0823486 -0.0824663 -0.0864886
internal_weight=0 61.8565 56.6238 18.9253 56.8575 16.268 13.9551 37.6986 30.9698 11.0365 40.5895 24.2501 13.2528 22.2288 15.2325 10.9973 16.3394
internal_count=479 252 227 76 232 66 56 151 124 45 166 99 54 89 61 45 67
is_linear=0
shrinkage=0.05


Tree=3
num_leaves=19
num_cat=0
split_feature=10 9 7 2 8 1 7 3 7 4 4 0 3 9 7 0 4 7
split_gain=116.414 33.747 22.5095 10.2278 9.59883 7.4993 5.06743 3.19944 3.63293 2.3442 1.06796 0.889338 1.01215 0.881739 0.15761 0.00297224 0.00220515 0.00114946
threshold=1.0000000180025095e-35 2.4500000000000006 150.50000000000003 1.0000000180025095e-35 1.0000000180025095e-35 1.0000000180025095e-35 152.50000000000003 125.50000000000001 125.50000000000001 264.50000000000006 235.50000000000003 56.500000000000007 119.00000000000001 1.0500000000000003 172.50000000000003 46.500000000000007 231.50000000000003 126.50000000000001
decision_type=2 2 2 2 2 2 2 2 2 2 2 2 2 2 2 2 2 2
left_child=2 3 5 4 6 -1 -2 8 -7 -4 13 12 -5 -9 15 -14 -17 -12
right_child=1 -3 9 11 -6 7 -8 10 -10 -11 17 -13 14 -15 -16 16 -18 -19
leaf_value=0.020234927741266912 -0.084624533408434205 0.074840678628718793 -0.037105530631398168 -0.059452826524571012 0.028310792052937551 0.078304258217446743 -0.016199237589157586 0.056741920020401654 0.019986727833055738 0.0092862387499458212 0.092901965407798368 -0.058655623772415344 -0.083296480619637125 0.083232033637375802 -0.074182425804613303 -0.083890397989130436 -0.085223975870740945 0.093854707912824797
leaf_weight=7.7324710190296164 6.0430394709110278 4.9855515360832205 5.6742909550666791 6.0312040299177161 5.2396256178617469 5.73734103143215 4.8996017724275589 4.9918850064277676 4.9960027933120728 5.2354679703712463 8.6987476795911771 7.299252286553382 9.1178552210331016 8.4736916124820691 5.0591508299112311 6.9814341068267805 5.5754409730434418 4.9771436154842368
leaf_count=31 25 20 23 25 21 23 20 20 20 21 35 30 38 34 21 29 23 20
internal_value=0 -0.0498371 0.0496742 -0.0608883 -0.0273399 0.0651073 -0.0539869 0.0742684 0.0511595 -0.0148427 0.0834071 -0.0744387 -0.0779547 0.0734118 -0.0821288 -0.0839836 -0.0844825 0.0932487
internal_weight=0 61.2322 56.517 56.2466 16.1823 45.6073 10.9426 37.8748 10.7333 10.9098 27.1415 40.0643 32.7651 13.4656 26.7339 21.6747 12.5569 13.6759
internal_count=479 252 227 232 66 183 45 152 43 44 109 166 136 54 111 90 52 55
is_linear=0
shrinkage=0.05


Tree=4
num_leaves=18
num_cat=0
split_feature=8 0 9 2 1 9 3 9 4 7 7 9 4 0 3 4 3
split_gain=104.651 16.8806 11.8511 7.7558 6.49282 4.9778 3.83451 2.33913 1.79815 1.40107 0.754685 0.617226 0.823227 0.672147 0.382403 0.79232 0.00204531
threshold=1.0000000180025095e-35 56.500000000000007 0.8500000000000002 1.0000000180025095e-35 1.0000000180025095e-35 0.65000000000000002 126.50000000000001 0.65000000000000002 224.50000000000003 139.50000000000003 174.50000000000003 2.0500000000000003 225.50000000000003 56.500000000000007 121.00000000000001 241.50000000000003 137.50000000000003
decision_type=2 2 2 2 2 2 2 2 2 2 2 2 2 2 2 2 2
left_child=1 3 9 8 -3 -6 -4 10 -1 -2 14 12 -8 -14 15 -5 -16
right_child=2 4 6 7 5 -7 11 -9 -10 -11 -12 -13 13 -15 16 -17 -18
leaf_value=0.0010523073153698125 0.028472029489108444 -0.051198100653524106 0.042509272746209407 -0.081802366122310427 -0.010235021172845693 0.046444198246608684 0.058431295740714699 -0.041668974089022752 -0.037984349213906282 -0.0087158764239918512 -0.055976939388434344 0.091777724569413563 0.092236696921864508 0.069497613243052564 -0.082399004084931574 -0.05483460021769207 -0.081196754975548902
leaf_weight=5.357638940215109 4.9590057432651502 5.1337382644414911 8.9582888185977918 5.9283138662576729 9.2640637606382352 6.6575648635625848 5.2060932815074983 7.5328469574451438 6.5645163208246231 5.1767626106739044 5.4955756813287726 8.1717593818902952 7.1708289086818677 5.943312481045723 7.5948897898197156 5.0384734719991684 6.6221473664045334
leaf_count=22 20 21 36 25 38 27 21 31 27 21 23 33 29 24 32 21 28
internal_value=0 -0.0398711 0.0571562 -0.0556497 -0.00230109 0.0134652 0.070788 -0.0666345 -0.0204419 0.0094786 -0.0727643 0.0803505 0.0752533 0.0819314 -0.0764277 -0.0694126 -0.081839
internal_weight=0 71.1898 45.5861 50.1344 21.0554 15.9216 35.4503 38.2122 11.9222 10.1358 30.6794 26.492 18.3202 13.1141 25.1838 10.9668 14.217
internal_count=479 295 184 209 86 65 143 160 49 41 129 107 74 53 106 46 60
is_linear=0
shrinkage=0.05


Tree=5
num_leaves=20
num_cat=0
split_feature=10 9 2 1 3 10 0 7 7 9 9 9 4 3 7 7 2 4 4
split_gain=99.7762 26.1821 21.4011 9.1221 6.85174 5.25068 4.35522 3.49359 2.29856 1.74117 1.43731 3.33319 1.16945 0.509266 0.368912 0.431745 0.0132346 0.010806 0.000333173
threshold=1.0000000180025095e-35 1.3500000000000003 1.0000000180025095e-35 1.0000000180025095e-35 135.50000000000003 1.5000000000000002 56.500000000000007 151.50000000000003 147.50000000000003 0.15000000000000005 1.0500000000000003 0.35000000000000003 276.50000000000006 112.50000000000001 128.50000000000003 110.50000000000001 1.5000000000000002 214.50000000000003 220.50000000000003
decision_type=2 2 2 2 2 2 2 2 2 2 2 2 2 2 2 2 2 2 2
left_child=2 6 8 -4 -5 -3 9 -8 10 12 11 -1 13 -2 15 -12 17 -15 -18
right_child=1 5 3 4 -6 -7 7 -9 -10 -11 14 -13 -14 16 -16 -17 18 -19 -20
leaf_value=0.092047769463716511 -0.062954461684662427 -0.0082446238110512899 -0.046900411250827452 -0.0048689235834488359 0.067766097967168773 0.064065535656464098 -0.059470241250307858 -0.0044718727351906488 0.040049480561421026 -0.040034357231262911 0.088419421580655591 0.040192873198530127 -0.049599054639635265 -0.079515658796917368 0.091850419707790731 0.070506591868052026 -0.078582637298431471 -0.082707780414376403 -0.079151040730448222
leaf_weight=5.2030310779809934 5.4349444508552613 4.8678970485925657 5.894503429532052 7.1763438433408737 5.9293109923601151 5.1839596182107925 6.0089113712310773 5.5583666115999222 5.72630551457405 4.7365049868822089 5.637895584106448 7.6634380519390106 4.7144370675086966 4.6590561121702194 6.9158726185560218 8.3398961126804334 5.7851160615682602 6.1520149260759354 4.6505525708198547
leaf_count=21 23 20 24 29 24 21 25 23 23 20 23 31 20 20 28 34 25 26 20
internal_value=0 -0.0442901 0.0483603 0.00475841 0.0279929 0.0290473 -0.0597446 -0.0330421 0.0693408 -0.0682929 0.0743091 0.0611623 -0.0725561 -0.0766124 0.082405 0.0777317 -0.0801061 -0.0813321 -0.0788359
internal_weight=0 57.7518 58.4866 19.0002 13.1057 10.0519 47.6999 11.5673 39.4864 36.1326 33.7601 12.8665 31.3961 26.6817 20.8937 13.9778 21.2467 10.8111 10.4357
internal_count=480 243 237 77 53 41 202 48 160 154 137 52 134 114 85 57 91 46 45
is_linear=0
shrinkage=0.05


Tree=6
num_leaves=17
num_cat=0
split_feature=2 9 0 1 7 0 4 9 8 4 7 3 9 3 4 0
split_gain=85.7217 26.429 12.0726 6.16467 5.71558 5.61859 3.62948 2.9015 1.96035 1.88609 0.787025 0.967925 0.6437 0.409656 0.136587 0.00192495
threshold=1.0000000180025095e-35 0.8500000000000002 54.500000000000007 1.0000000180025095e-35 132.50000000000003 57.500000000000007 229.50000000000003 0.65000000000000002 1.0000000180025095e-35 256.50000000000006 128.50000000000003 130.50000000000003 1.9500000000000002 144.50000000000003 234.50000000000003 45.500000000000007
decision_type=2 2 2 2 2 2 2 2 2 2 2 2 2 2 2 2
left_child=1 5 7 -4 -5 6 -1 9 -3 14 11 -10 -12 -13 15 -2
right_child=2 8 3 4 -6 -7 -8 -9 10 -11 12 13 -14 -15 -16 -17
leaf_value=-0.049232437276684755 -0.078218873950471224 0.045583967075850891 -0.0526571889620433 0.048758335960634017 -0.016978549548214091 0.034776323774550762 0.0028813697811499043 -0.033462793697828112 0.052396436407708448 -0.04538057238904819 0.095352239673877168 0.085328122404294202 0.073110115368027209 0.066300586349545498 -0.067941496678953925 -0.077092581147183092
leaf_weight=6.0008576065301913 8.9278105944395119 7.3260518461465827 6.4494438916444787 5.0943339616060266 9.4225490838289243 7.0698189437389365 7.537681519985199 8.0030152201652509 6.6400798410177293 7.0087218880653372 6.2048528194427472 6.0459408611059171 6.8374469876289368 5.3159409612417221 4.6131376177072516 6.5967761129140845
leaf_count=25 39 30 27 21 39 29 31 33 27 30 25 25 28 22 20 29
internal_value=0 0.0443191 -0.0420091 -0.0119811 0.00609015 -0.00135167 -0.0202177 -0.0599205 0.0688485 -0.0677204 0.0743386 0.0675624 0.0836918 0.0764256 -0.0754956 -0.0777403
internal_weight=0 58.9787 56.1158 20.9663 14.5169 20.6084 13.5385 35.1495 38.3703 27.1464 31.0443 18.002 13.0423 11.3619 20.1377 15.5246
internal_count=480 242 238 87 60 85 56 151 157 118 127 74 53 47 88 68
is_linear=0
shrinkage=0.05


Tree=7
num_leaves=19
num_cat=0
split_feature=10 10 2 0 2 1 3 9 9 4 3 3 4 0 2 4 4 2
split_gain=86.2859 22.1141 17.4082 8.57129 9.24521 7.81595 5.95385 2.11836 1.94596 1.01149 0.919807 0.485351 0.313925 0.301758 0.0725993 0.00372091 0.00175033 7.1697e-05
threshold=1.0000000180025095e-35 1.5000000000000002 1.0000000180025095e-35 57.500000000000007 1.0000000180025095e-35 1.0000000180025095e-35 130.50000000000003 0.25000000000000006 0.8500000000000002 280.50000000000006 124.50000000000001 112.50000000000001 211.50000000000003 58.500000000000007 1.0000000180025095e-35 237.50000000000003 286.50000000000006 1.5000000000000002
decision_type=2 2 2 2 2 2 2 2 2 2 2 2 2 2 2 2 2 2
left_child=2 3 8 7 -5 -4 -7 9 -1 11 -10 -2 -12 16 -13 17 -14 -16
right_child=1 -3 5 4 -6 6 -8 -9 10 -11 12 14 13 -15 15 -17 -18 -19
leaf_value=0.04439847970294037 -0.059884239537916523 0.050484660002437856 -0.042567227384173151 0.035153098102156353 -0.053004600912993999 -0.0071815356824890715 0.060444611605076887 -0.03787910705968367 0.055264645338450415 -0.048346396488379496 0.064386045966990976 -0.081843209878648418 0.083108725989230914 0.069785220533735579 -0.074330277385638258 -0.076125984162263224 0.08436976888885922 -0.074577207455776409
leaf_weight=9.3650318384170514 5.5037584751844468 5.8141154050827017 5.8070176243782052 5.1252989470958692 7.0851292759180069 6.4045270979404449 6.6176816374063492 6.4129786342382422 7.3703497201204327 4.8517211824655524 4.8261430114507702 4.9371465295553234 6.4562123566865939 6.0312825292348853 5.283745080232622 4.7243939191102973 4.7956485450267792 6.6260663717985153
leaf_count=38 24 24 24 21 30 26 27 27 30 21 20 21 27 25 24 21 20 30
internal_value=0 -0.0418622 0.0451285 -0.0524836 -0.0160006 0.00567311 0.027185 -0.0641027 0.0642538 -0.0693701 0.0705614 -0.0731375 0.0756608 0.0788091 -0.0765189 -0.0749387 0.0836462 -0.0744677
internal_weight=0 56.3644 57.6739 50.5502 12.2104 18.8292 13.0222 38.3398 38.8447 31.9268 29.4796 27.0751 22.1093 17.2831 21.5714 16.6342 11.2519 11.9098
internal_count=480 243 237 219 51 77 53 168 160 141 122 120 92 72 96 75 47 54
is_linear=0
shrinkage=0.05


Tree=8
num_leaves=19
num_cat=0
split_feature=10 9 7 1 10 0 7 4 7 3 4 9 9 4 7 4 4 2
split_gain=78.8812 20.4985 17.3993 5.22532 4.24921 3.54093 3.332 3.29115 1.54353 1.49957 0.998723 0.637933 1.08237 0.96123 0.201782 0.102747 0.115192 0.00882719
threshold=1.0000000180025095e-35 1.3500000000000003 150.50000000000003 1.0000000180025095e-35 1.5000000000000002 56.500000000000007 151.50000000000003 264.50000000000006 141.50000000000003 119.00000000000001 275.50000000000006 1.5500000000000003 0.45000000000000007 243.50000000000003 112.50000000000001 213.50000000000003 189.00000000000003 1.5000000000000002
decision_type=2 2 2 2 2 2 2 2 2 2 2 2 2 2 2 2 2 2
left_child=2 5 3 -1 -3 9 -7 -4 11 -2 15 12 -5 -14 -13 16 -11 -17
right_child=1 4 7 8 -6 6 -8 -9 -10 10 -12 14 13 -15 -16 17 -18 -19
leaf_value=0.020520354154354152 -0.042392335030361959 -0.0087305380380532163 -0.03759118615150682 0.080425562472890344 0.056807219401510414 -0.056530359860135354 -0.0024238239516426205 0.016702300900211939 0.041725105828752718 -0.073877675559654354 -0.046743396137426646 0.069240616954668752 0.042924651679259122 0.071155799762395819 0.082167384902008908 -0.076404382248032018 -0.062645285012584512 -0.073822251334343253
leaf_weight=8.1126250922679883 7.2447808086872092 4.8306995332241041 6.0404685586690885 6.1045727729797425 5.0679161846637726 5.8941556960344297 5.5010525286197662 5.1889369338750839 6.1055774092674246 4.5814841687679344 4.5818250328302375 4.6782186329364768 7.2249772548675519 5.1746761798858643 8.5110101997852308 6.9414847642183286 4.548770472407341 6.3263585716485977
leaf_count=33 32 20 25 25 21 25 23 21 25 21 20 20 30 22 36 31 21 29
internal_value=0 -0.0403995 0.0432855 0.0569307 0.0248236 -0.0545516 -0.0304104 -0.012503 0.0647452 -0.0625895 -0.068013 0.06918 0.0631911 0.0547062 0.0775823 -0.0723639 -0.0682816 -0.0751732
internal_weight=0 55.5185 57.1411 45.9117 9.89862 45.6199 11.3952 11.2294 37.799 34.2247 26.9799 31.6935 18.5042 12.3997 13.1892 22.3981 9.13025 13.2678
internal_count=480 243 237 191 41 202 48 46 158 154 122 133 77 52 56 102 42 60
is_linear=0
shrinkage=0.05


Tree=9
num_leaves=18
num_cat=0
split_feature=10 2 7 9 7 1 4 7 0 1 3 9 9 4 7 4 7
split_gain=72.148 19.2114 15.9488 14.6588 6.09446 4.898 2.9877 1.47376 1.2859 1.21222 0.863017 0.626324 0.988581 0.914918 0.188597 0.0159253 0.00110813
threshold=1.0000000180025095e-35 1.0000000180025095e-35 150.50000000000003 1.3500000000000003 152.50000000000003 1.0000000180025095e-35 264.50000000000006 141.50000000000003 46.500000000000007 1.0000000180025095e-35 124.50000000000001 1.5500000000000003 0.45000000000000007 243.50000000000003 112.50000000000001 239.50000000000003 169.50000000000003
decision_type=2 2 2 2 2 2 2 2 2 2 2 2 2 2 2 2 2
left_child=2 3 5 4 -2 -1 -4 11 15 -10 -11 12 -7 -14 -13 16 -3
right_child=1 8 6 -5 -6 7 -8 -9 9 10 -12 14 13 -15 -16 -17 -18
leaf_value=0.019500755112522042 -0.064810669407507668 -0.071233677448340624 -0.035937023571380552 0.057270052083602856 0.0063182164119484621 0.077374094884538849 0.015862458309104609 0.039843865251306981 -0.068646917188750642 -0.027541373159105143 -0.053810997113682181 0.06704167583875266 0.041131994592530585 0.068869708097147306 0.079658169921232008 -0.075354945730611633 -0.072353186213123588
leaf_weight=8.1100163757801038 6.6489673554897326 4.6003030091524106 6.0035323053598386 7.2420498877763739 5.5047704428434372 6.0299199819564882 5.1904403120279312 6.0749422013759604 8.1456140577793104 4.9247872829437283 8.5618498772382718 4.592261314392089 7.1644251197576505 5.0814867466688156 8.3443484306335431 4.7713015228509894 4.2548703402280807
leaf_count=33 29 22 25 30 23 25 21 25 37 22 38 20 30 22 36 22 20
internal_value=0 -0.0390089 0.0415357 0.000959429 -0.0325944 0.0547163 -0.0119186 0.0623757 -0.0609954 -0.0534169 -0.0442184 0.0667611 0.060802 0.0526419 0.0751795 -0.0730263 -0.0717716
internal_weight=0 54.6545 56.5914 19.3958 12.1537 45.3974 11.194 37.2874 35.2587 21.6323 13.4866 31.2124 18.2758 12.2459 12.9366 13.6265 8.85517
internal_count=480 243 237 82 52 191 46 158 161 97 60 133 77 52 56 64 42
is_linear=0
shrinkage=0.05


Tree=10
num_leaves=18
num_cat=0
split_feature=8 10 1 7 0 2 7 9 2 7 7 4 9 4 4 7 0
split_gain=73.1147 25.0408 8.615 6.41497 6.24312 4.53672 4.38806 2.2688 1.20401 0.818906 0.964594 0.598694 0.33833 0.192787 0.622437 0.00315554 0.00122017
threshold=1.0000000180025095e-35 1.0000000180025095e-35 1.0000000180025095e-35 141.50000000000003 56.500000000000007 1.0000000180025095e-35 151.50000000000003 0.8500000000000002 1.0000000180025095e-35 128.50000000000003 108.50000000000001 258.50000000000006 1.9500000000000002 243.50000000000003 219.50000000000003 159.50000000000003 47.500000000000007
decision_type=2 2 2 2 2 2 2 2 2 2 2 2 2 2 2 2 2
left_child=1 2 -1 -4 8 7 -6 -2 -3 10 -9 -12 -11 14 16 -15 -10
right_child=5 4 3 -5 6 -7 -8 9 13 12 11 -13 -14 15 -16 -17 -18
leaf_value=-0.035108791358964095 0.032630012536952017 -0.045768632576180732 0.069052827115449647 0.0034671215653826548 -0.048248759382701456 0.021064504486876509 0.014077574665951963 0.078630956167505761 -0.070264498779152113 0.088003839021932082 0.064019564704661344 0.041163199639719886 0.070200724781872378 -0.072790136742684905 -0.048229712917341613 -0.074598014373856589 -0.071307007488181903
leaf_weight=6.2738535851240167 5.3334522992372504 7.9024631381034842 7.1188945323228836 7.8281337171792984 6.2168330699205381 8.2636502683162671 5.1746309250593185 5.5089283287525239 6.7571089267730731 5.3354469239711744 6.0428932756185514 5.4480627328157425 5.3390913009643555 4.9240854233503324 4.2037334293127051 4.7342728227376938 4.8008930236101151
leaf_count=26 22 35 30 32 27 35 22 24 33 22 26 24 23 23 20 22 23
internal_value=0 -0.0306636 0.0140641 0.0347039 -0.0518909 0.0541958 -0.0199367 0.0624904 -0.0628146 0.0682451 0.0614296 0.053183 0.0790992 -0.0681138 -0.0647053 -0.0736763 -0.0706975
internal_weight=0 65.9349 21.2209 14.947 44.714 41.2715 11.3915 33.0079 33.3226 27.6744 16.9999 11.491 10.6745 25.4201 15.7617 9.65836 11.558
internal_count=469 293 88 62 205 176 49 141 156 119 74 50 45 121 76 45 56
is_linear=0
shrinkage=0.05


Tree=11
num_leaves=19
num_cat=0
split_feature=8 0 2 6 2 9 9 3 4 3 4 7 7 4 3 9 9 4
split_gain=66.9227 13.3193 6.27814 5.3263 4.26167 2.23527 2.17372 1.99583 0.866646 1.55707 1.19065 0.749394 0.92659 0.560532 0.537074 0.297205 0.172001 0.000534457
threshold=1.0000000180025095e-35 56.500000000000007 1.0000000180025095e-35 1.0000000180025095e-35 1.0000000180025095e-35 0.65000000000000002 0.8500000000000002 134.50000000000003 189.00000000000003 116.00000000000001 265.50000000000006 128.50000000000003 108.50000000000001 258.50000000000006 128.50000000000003 1.9500000000000002 0.15000000000000005 219.50000000000003
decision_type=2 2 2 2 2 2 2 2 2 2 2 2 2 2 2 2 2 2
left_child=1 2 14 7 6 -5 -2 -3 -4 -10 16 12 -8 -14 -1 -13 17 -11
right_child=4 3 8 5 -6 -7 11 -9 9 10 -12 15 13 -15 -16 -17 -18 -19
leaf_value=-0.0026913258919939965 0.031053175440804576 -0.0010754302114770848 -0.037007364911932294 0.0075299883799001561 0.020038350862361755 0.05366921130248347 0.076487996096860578 -0.045627232004648105 -0.033730875698088442 -0.068700847873244153 -0.047846705237854788 0.084854726876576303 0.061877917812416298 0.039601612365195382 -0.024187398215100117 0.068026922594354305 -0.080066740426663466 -0.069407454790179651
leaf_weight=5.7640146762132627 5.3242930620908728 5.2220742851495743 4.9302108138799658 5.8464242070913315 8.2527652382850629 4.7639867067337036 5.3832846730947557 4.8471525460481644 4.7584339082241085 5.732363581657415 6.9305225014686576 5.2586930990219098 5.942009359598158 5.381464809179306 5.8597206920385361 5.2368128597736359 5.2567808032035819 5.0192005485296249
leaf_count=25 22 22 23 25 35 20 24 21 22 29 32 22 26 24 26 23 23 25
internal_value=0 -0.0296001 -0.045081 0.00352641 0.0521276 0.0282461 0.0602694 -0.0225219 -0.0563219 -0.05976 -0.0651595 0.0659879 0.0594101 0.0512911 -0.0135279 0.0764584 -0.0726547 -0.0690307
internal_weight=0 64.9309 44.2512 20.6796 40.7793 10.6104 32.5266 10.0692 32.6275 27.6973 22.9389 27.2023 16.7068 11.3235 11.6237 10.4955 16.0083 10.7516
internal_count=469 293 205 88 176 45 141 43 154 131 109 119 74 50 51 45 77 54
is_linear=0
shrinkage=0.05


Tree=12
num_leaves=17
num_cat=0
split_feature=8 0 2 1 2 3 9 9 3 1 4 7 7 3 0 0
split_gain=61.227 12.3117 5.94548 5.36586 4.01648 3.74295 2.09066 0.878113 0.766979 0.695078 0.926024 0.544273 0.500253 0.487981 0.140335 0.00306512
threshold=1.0000000180025095e-35 56.500000000000007 1.0000000180025095e-35 1.0000000180025095e-35 1.0000000180025095e-35 134.50000000000003 0.8500000000000002 0.95000000000000007 124.50000000000001 1.0000000180025095e-35 241.50000000000003 128.50000000000003 110.50000000000001 128.50000000000003 43.500000000000007 43.500000000000007
decision_type=2 2 2 2 2 2 2 2 2 2 2 2 2 2 2 2
left_child=1 2 13 -3 6 -5 -2 9 -8 15 14 12 -10 -1 -11 -4
right_child=4 3 7 5 -6 -7 8 -9 11 10 -12 -13 -14 -15 -16 -17
leaf_value=-0.002557944246968633 0.029563721558808678 -0.039588455670715741 -0.069147325756928404 0.044141089372423913 0.019064326199355133 -0.0054485329684440973 0.04894030236112773 -0.03917117970901729 0.073445478856682872 -0.056126900619448951 -0.038790296015272535 0.078864451176256706 0.053086161462004046 -0.023070173764866222 -0.0687172275225683 -0.070991753634086288
leaf_weight=5.7614148855209333 5.3131914734840384 5.3759336471557626 4.179355680942539 7.3625907748937607 8.2409939467906934 7.875297948718071 6.481424048542979 7.1024239659309378 5.4048290401697177 3.9047291278839094 6.7672341912984857 7.9805090874433509 6.8299435824155807 5.8369084894657135 5.1092807948589325 4.8856780678033829
leaf_count=25 22 23 21 31 35 34 28 31 25 20 32 35 31 26 26 24
internal_value=0 -0.0284744 -0.0435437 0.00335984 0.0501928 0.018512 0.0582068 -0.0546753 0.0639074 -0.0591072 -0.0527689 0.0687062 0.0620801 -0.0128808 -0.0632633 -0.0701414
internal_weight=0 64.1608 43.547 20.6138 40.2509 15.2379 32.0099 31.9487 26.6967 24.8463 15.7812 20.2153 12.2348 11.5983 9.01401 9.06503
internal_count=469 293 205 88 176 65 141 154 119 123 78 91 56 51 46 45
is_linear=0
shrinkage=0.05


Tree=13
num_leaves=17
num_cat=0
split_feature=8 10 1 7 0 7 2 3 9 3 7 7 2 9 0 3
split_gain=56.0676 22.6158 7.27122 5.58608 5.36135 4.15678 3.79881 2.63438 2.01957 0.749274 0.50539 0.490412 0.224496 0.0411278 0.000910883 0.000484212
threshold=1.0000000180025095e-35 1.0000000180025095e-35 1.0000000180025095e-35 141.50000000000003 56.500000000000007 151.50000000000003 1.0000000180025095e-35 112.50000000000001 0.8500000000000002 124.50000000000001 128.50000000000003 110.50000000000001 1.0000000180025095e-35 0.15000000000000005 51.500000000000007 128.50000000000003
decision_type=2 2 2 2 2 2 2 2 2 2 2 2 2 2 2 2
left_child=1 2 -1 -4 7 -6 8 -3 -2 -10 11 -11 -9 14 15 -14
right_child=6 4 3 -5 5 -7 -8 12 9 10 -12 -13 13 -15 -16 -17
leaf_value=-0.030517182546080462 0.028154620324049157 -0.02759507219410845 0.066644901127803344 0.0050201783760498641 -0.046648826465261639 0.014317698518084466 0.018139275282567667 -0.05693482720165717 0.047127029043635978 0.07179367976903113 0.076719397466141537 0.051395341332347411 -0.067148305271635275 -0.072616288969932039 -0.067635597592619723 -0.066491824883033193
leaf_weight=6.1415978223085412 5.3004786074161556 5.4986531436443356 6.9912887960672379 7.7580447793006897 6.1146581023931486 5.1511554569005966 8.228520601987837 5.6667201817035702 6.3964456766843822 5.2564815729856509 7.7980732321739188 6.7051033824682236 5.3109920024871844 4.1822842210531226 4.6062754839658728 5.9620925784111023
leaf_count=26 22 26 30 32 27 22 35 26 28 25 35 31 28 20 24 32
internal_value=0 -0.0273999 0.0151959 0.0342307 -0.0483414 -0.0187726 0.0483858 -0.059009 0.0562978 0.0620009 0.0668158 0.0603593 -0.0657227 -0.068205 -0.0670432 -0.0668011
internal_weight=0 63.3838 20.8909 14.7493 42.4928 11.2658 39.6851 31.227 31.4566 26.1561 19.7597 11.9616 25.7284 20.0616 15.8794 11.2731
internal_count=469 293 88 62 205 49 176 156 141 119 91 56 130 104 84 60
is_linear=0
shrinkage=0.05


Tree=14
num_leaves=17
num_cat=0
split_feature=8 10 1 7 0 7 2 3 9 3 7 7 4 4 2 4
split_gain=51.4478 20.9298 6.61424 5.1905 5.15163 3.80868 3.60066 2.56618 1.95549 0.735284 0.474032 0.483355 0.259918 0.660363 0.0217855 0.00565007
threshold=1.0000000180025095e-35 1.0000000180025095e-35 1.0000000180025095e-35 141.50000000000003 56.500000000000007 151.50000000000003 1.0000000180025095e-35 112.50000000000001 0.8500000000000002 124.50000000000001 128.50000000000003 110.50000000000001 223.50000000000003 211.50000000000003 1.5000000000000002 189.00000000000003
decision_type=2 2 2 2 2 2 2 2 2 2 2 2 2 2 2 2
left_child=1 2 -1 -4 7 -6 8 -3 -2 -10 11 -11 13 15 -14 -9
right_child=6 4 3 -5 5 -7 -8 12 9 10 -12 -13 14 -15 -16 -17
leaf_value=-0.029147323808179013 0.02681971697013575 -0.026499674746334384 0.064437412982904271 0.0047680350107644365 -0.044930343712465987 0.013558420448954309 0.017260317445300471 -0.068450308640185906 0.045405796218372374 0.070291404436128122 0.074785029515362658 0.049787258036326512 -0.07129899624705871 -0.041828493259619966 -0.067224905765731827 -0.065800051315045766
leaf_weight=6.1095554530620584 5.2864457368850735 5.4411417841911343 6.8722811937332153 7.7598411589860916 6.0331976115703565 5.1672157049179077 8.2155061364173871 4.0455923378467578 6.3092157691717174 5.1042419373989123 7.6046837568283072 6.5788257569074631 6.4916794598102552 3.7944264411926261 6.6351123750209808 3.9987868517637253
leaf_count=26 22 26 30 32 27 22 35 21 28 25 35 31 32 20 35 22
internal_value=0 -0.0264817 0.0145482 0.032793 -0.0469356 -0.017947 0.0466791 -0.0576136 0.0545049 0.0602227 0.0650694 0.0587454 -0.0643947 -0.0590226 -0.0692397 -0.0671329
internal_weight=0 62.3488 20.7417 14.6321 41.6072 11.2004 39.0989 30.4067 30.8834 25.597 19.2878 11.6831 24.9656 11.8388 13.1268 8.04438
internal_count=469 293 88 62 205 49 176 156 141 119 91 56 130 63 67 43
is_linear=0
shrinkage=0.05


Tree=15
num_leaves=19
num_cat=0
split_feature=10 2 8 1 8 7 7 4 0 2 9 0 1 4 0 7 4 4
split_gain=50.1953 14.0737 10.1983 9.5855 6.77251 4.43934 3.58621 2.47827 2.05569 1.37897 0.439392 0.414627 0.639407 0.269404 0.151523 0.0149369 0.00747154 0.00432141
threshold=1.0000000180025095e-35 1.0000000180025095e-35 1.0000000180025095e-35 1.0000000180025095e-35 1.0000000180025095e-35 145.50000000000003 152.50000000000003 253.50000000000003 56.500000000000007 1.0000000180025095e-35 1.0500000000000003 47.500000000000007 1.0000000180025095e-35 230.50000000000003 56.500000000000007 171.50000000000003 245.50000000000003 239.50000000000003
decision_type=2 2 2 2 2 2 2 2 2 2 2 2 2 2 2 2 2 2
left_child=3 2 6 4 -1 9 -2 -7 11 10 13 15 -13 -5 16 17 -12 -3
right_child=1 8 -4 5 -6 7 -8 -9 -10 -11 14 12 -14 -15 -16 -17 -18 -19
leaf_value=-0.035466135517329606 -0.057533031320104712 -0.064647635029681502 0.04315196903119526 0.045060947406845277 0.038307739376501705 -0.0053283356697705611 -0.0019802102595998603 0.043630200124189819 -0.032360592873228101 0.036703658837023187 0.072106021941670304 -0.067594696431183793 -0.042862246826100056 0.062311168495714921 0.06036102705714818 -0.069197963391404049 0.069336277253109188 -0.066908574507004187
leaf_weight=7.0362857580184919 5.8783690184354782 4.3676727414131182 8.0454094260931015 4.7388650029897743 5.5762840956449509 5.2985314130783063 5.7436424642801285 5.0468920171260834 8.3349413871765119 6.9323098212480536 5.4756933152675611 4.6809993386268616 5.9159779846668226 4.3327791541814804 5.2529656738042823 4.9569162726402274 4.3844487220048904 4.0948437452316284
leaf_count=30 28 25 35 21 24 22 25 21 37 30 26 25 31 20 26 26 22 22
internal_value=0 -0.0334774 -0.000121966 0.0353193 -0.00284914 0.0469299 -0.0300786 0.0185555 -0.0537552 0.0563635 0.0619988 -0.0611803 -0.0537873 0.0533 0.0672202 -0.0670184 0.0708744 -0.0657417
internal_weight=0 52.0188 19.6674 54.0751 12.6126 41.4625 11.622 10.3454 32.3514 31.1171 24.1848 24.0164 10.597 9.07164 15.1131 13.4194 9.86014 8.46252
internal_count=496 254 88 242 54 188 53 43 166 145 115 129 56 41 74 73 48 47
is_linear=0
shrinkage=0.05


end of trees

feature_importances:
Cholesterol=51
MaxHR=49
Oldpeak=38
Age=29
RestingBP=29
ChestPainType=27
Sex=21
ST_Slope=15
ExerciseAngina=13
RestingECG=2

parameters:
[boosting: gbdt]
[objective: binary]
[metric: binary_error]
[tree_learner: serial]
[device_type: cpu]
[data_sample_strategy: bagging]
[data: ]
[valid: ]
[num_iterations: 100]
[learning_rate: 0.05]
[num_leaves: 31]
[num_threads: 0]
[seed: 0]
[deterministic: 0]
[force_col_wise: 0]
[force_row_wise: 0]
[histogram_pool_size: -1]
[max_depth: -1]
[min_data_in_leaf: 20]
[min_sum_hessian_in_leaf: 0.001]
[bagging_fraction: 0.8]
[pos_bagging_fraction: 1]
[neg_bagging_fraction: 1]
[bagging_freq: 5]
[bagging_seed: 3]
[feature_fraction: 0.9]
[feature_fraction_bynode: 1]
[feature_fraction_seed: 2]
[extra_trees: 0]
[extra_seed: 6]
[early_stopping_round: 10]
[first_metric_only: 0]
[max_delta_step: 0]
[lambda_l1: 0]
[lambda_l2: 0]
[linear_lambda: 0]
[min_gain_to_split: 0]
[drop_rate: 0.1]
[max_drop: 50]
[skip_drop: 0.5]
[xgboost_dart_mode: 0]
[uniform_drop: 0]
[drop_seed: 4]
[top_rate: 0.2]
[other_rate: 0.1]
[min_data_per_group: 100]
[max_cat_threshold: 32]
[cat_l2: 10]
[cat_smooth: 10]
[max_cat_to_onehot: 4]
[top_k: 20]
[monotone_constraints: ]
[monotone_constraints_method: basic]
[monotone_penalty: 0]
[feature_contri: ]
[forcedsplits_filename: ]
[refit_decay_rate: 0.9]
[cegb_tradeoff: 1]
[cegb_penalty_split: 0]
[cegb_penalty_feature_lazy: ]
[cegb_penalty_feature_coupled: ]
[path_smooth: 0]
[interaction_constraints: ]
[verbosity: 0]
[saved_feature_importance_type: 0]
[use_quantized_grad: 0]
[num_grad_quant_bins: 4]
[quant_train_renew_leaf: 0]
[stochastic_rounding: 1]
[linear_tree: 0]
[max_bin: 255]
[max_bin_by_feature: ]
[min_data_in_bin: 3]
[bin_construct_sample_cnt: 200000]
[data_random_seed: 1]
[is_enable_sparse: 1]
[enable_bundle: 1]
[use_missing: 1]
[zero_as_missing: 0]
[feature_pre_filter: 1]
[pre_partition: 0]
[two_round: 0]
[header: 0]
[label_column: ]
[weight_column: ]
[group_column: ]
[ignore_column: ]
[categorical_feature: ]
[forcedbins_filename: ]
[precise_float_parser: 0]
[parser_config_file: ]
[objective_seed: 5]
[num_class: 1]
[is_unbalance: 0]
[scale_pos_weight: 1]
[sigmoid: 1]
[boost_from_average: 1]
[reg_sqrt: 0]
[alpha: 0.9]
[fair_c: 1]
[poisson_max_delta_step: 0.7]
[tweedie_variance_power: 1.5]
[lambdarank_truncation_level: 30]
[lambdarank_norm: 1]
[label_gain: ]
[lambdarank_position_bias_regularization: 0]
[eval_at: ]
[multi_error_top_k: 1]
[auc_mu_weights: ]
[num_machines: 1]
[local_listen_port: 12400]
[time_out: 120]
[machine_list_filename: ]
[machines: ]
[gpu_platform_id: -1]
[gpu_device_id: -1]
[gpu_use_dp: 0]
[num_gpu: 1]

end of parameters

pandas_categorical:[]
